grids/rofental/dem_rofental_1000.asc
ncols        16
nrows        15
xllcorner    630800.000000000000
yllcorner    5180500.000000000000
cellsize     1000.000000000000
NODATA_value  -9999
 2248.199951171875 1902.4200439453125 2418.159912109375 2728.409912109375 3057.050048828125 2779.949951171875 2884.169921875 2892.469970703125 3017.300048828125 3192.340087890625 3277.320068359375 3407.0400390625 3289.860107421875 3111.590087890625 3314.830078125 2865.659912109375
 2166.52001953125 1945.8499755859375 2440.35009765625 2916.60009765625 3029.570068359375 3178.239990234375 3297.969970703125 3292.580078125 3144.889892578125 3303.85009765625 3439.929931640625 3591.780029296875 3226.820068359375 3040.280029296875 2912.06005859375 2569.27001953125
 2652.840087890625 2361.969970703125 2167.199951171875 2383.929931640625 2881.199951171875 3376.090087890625 3301.18994140625 3017.27001953125 3000.77001953125 3224.72998046875 3287.989990234375 3005.830078125 3008.530029296875 3008.85009765625 2568.090087890625 2178.360107421875
 2723.2099609375 2497.580078125 2465.489990234375 2771.64990234375 2751.7900390625 3107.8798828125 3065.110107421875 2852.659912109375 2850.43994140625 3094.89990234375 3125.18994140625 2805.7099609375 2724.2099609375 2594.93994140625 2306.18994140625 1871.3900146484375
 2960.43994140625 2876.330078125 2914.280029296875 2917.969970703125 2863.590087890625 3235.06005859375 3105.75 3073.050048828125 2653.570068359375 2972.8701171875 2909.31005859375 2513.389892578125 2181.5 2026.530029296875 1948.969970703125 2124.340087890625
 3275.010009765625 3109.139892578125 2994.68994140625 2994.14990234375 3314.7099609375 3242.77001953125 3190.5400390625 2820.35009765625 2684.60009765625 2519.8798828125 2596.39990234375 2176.909912109375 2419.260009765625 2482.580078125 2446.31005859375 2100.030029296875
 3405.590087890625 3228.39990234375 3127.43994140625 3127.719970703125 3193.469970703125 3157.989990234375 3062.75 3004.929931640625 3096.590087890625 2608.419921875 2234.3798828125 2430.800048828125 2734.699951171875 2989.330078125 2453.9599609375 2217.659912109375
 3061.050048828125 3221.02001953125 3151.669921875 3233.52001953125 3306.139892578125 3257.06005859375 3039.919921875 2675.419921875 2756.8701171875 2494.860107421875 2344.47998046875 3074.840087890625 3069.919921875 2961.280029296875 2279 2469.219970703125
 2565.35009765625 2766.22998046875 3130.320068359375 3353.68994140625 3110.340087890625 2892.3798828125 2589.75 2391.169921875 2319.72998046875 2427.25 2742.0400390625 3179.860107421875 3032.169921875 2716.7099609375 2252.35009765625 2911.550048828125
 2891.110107421875 2850.780029296875 3058.780029296875 3061.8798828125 2935.719970703125 2567.010009765625 2717.530029296875 2939.93994140625 2511.7099609375 2798.639892578125 2919.760009765625 3241.949951171875 3083.260009765625 2600.60009765625 2564.550048828125 3105.239990234375
 3230.22998046875 3154.1201171875 3476.239990234375 3057.18994140625 2731.43994140625 2894.330078125 3049.35009765625 2778.72998046875 2707.7099609375 2941.510009765625 3148.300048828125 2961.760009765625 2736.2900390625 2375.090087890625 2564.1298828125 2580.830078125
 3422.169921875 3337.31005859375 3092.4599609375 2914.030029296875 2852.64990234375 3251 2997.919921875 2675.2900390625 2849.389892578125 3039.75 3176.43994140625 2768.830078125 2749.179931640625 2459.10009765625 2783.72998046875 3103.64990234375
 3302.18994140625 3319.52001953125 3197.27001953125 3154.830078125 3037.610107421875 2867.580078125 2778.31005859375 2809.8701171875 3132.0400390625 3181.889892578125 3173.43994140625 2733.429931640625 2830.47998046875 2838.830078125 3325.409912109375 3172.449951171875
 3204.090087890625 3161.050048828125 2828.949951171875 2633.110107421875 2694.2900390625 2555.0400390625 2940.159912109375 3007.969970703125 3293.090087890625 3018.139892578125 3068.7900390625 3009.7900390625 2988.840087890625 3047.81005859375 3192.14990234375 3467.52001953125
 2898.679931640625 3174.75 2740.739990234375 2469.919921875 2542.659912109375 2367.10009765625 3144.6201171875 2940.419921875 3124.510009765625 2771.89990234375 2637.360107421875 3194.889892578125 3384.3798828125 3343.110107421875 3433.780029296875 2999.22998046875
