grids/rofental/srf_rofental_1000.asc
ncols        16
nrows        15
xllcorner    630800.000000000000
yllcorner    5180500.000000000000
cellsize     1000.000000000000
 0.90231049060821533203 1.4038203954696655273 0.92667758464813232422 1.0697433948516845703 0.65017038583755493164 1.0429085493087768555 0.96002930402755737305 0.86909520626068115234 0.61509239673614501953 0.65847122669219970703 0.86623483896255493164 0.44433239102363586426 0.88988214731216430664 1.0382578372955322266 0.15029554069042205811 0.71540045738220214844
 1.3191179037094116211 1.46866607666015625 0.81858795881271362305 0.38923555612564086914 0.77330040931701660156 0.55453228950500488281 0.56096655130386352539 0.34689801931381225586 1.0103604793548583984 0.91031253337860107422 0.58528721332550048828 0.34146988391876220703 0.96488058567047119141 1.0348569154739379883 0.9037024378776550293 1.0106841325759887695
 0.30993539094924926758 0.6828129887580871582 1.3304941654205322266 1.2887123823165893555 0.52300065755844116211 0.32067167758941650391 0.52562743425369262695 1.0787413120269775391 1.1014013290405273438 0.73004913330078125 0.41484752297401428223 1.0323908329010009766 0.77298593521118164062 0.25979223847389221191 0.81920123100280761719 0.96094304323196411133
 0.46296215057373046875 1.1270573139190673828 0.80988204479217529297 0.65011006593704223633 1.1538056135177612305 0.89387851953506469727 1.0542685985565185547 1.1615395545959472656 1.0479133129119873047 0.81598800420761108398 0.79609692096710205078 0.96471410989761352539 0.6995099186897277832 0.71221083402633666992 0.80228710174560546875 1.4160006046295166016
 0.24421107769012451172 0.74697297811508178711 0.79436820745468139648 1.0067962408065795898 1.1206809282302856445 0.35995453596115112305 0.99055761098861694336 0.54255092144012451172 1.3001708984375 0.57415270805358886719 0.69635683298110961914 0.88847374916076660156 1.0041998624801635742 1.2156901359558105469 1.2817908525466918945 0.69037306308746337891
 0.58031225204467773438 0.98254579305648803711 1.1283376216888427734 1.0971391201019287109 0.29528990387916564941 0.89737325906753540039 0.49277716875076293945 1.1921449899673461914 0.97328680753707885742 1.2584685087203979492 0.81638365983963012695 1.0473150014877319336 0.32782536745071411133 0.53018957376480102539 0.43094298243522644043 0.9689871668815612793
 0.68787598609924316406 0.91648572683334350586 1.0528930425643920898 1.0451265573501586914 1.0028312206268310547 1.0328780412673950195 1.0128111839294433594 0.67884039878845214844 0.15018203854560852051 0.81386971473693847656 1.0967659950256347656 0.57779997587203979492 0.62200927734375 0.36418142914772033691 0.48487633466720581055 0.69461011886596679688
 0.37326630949974060059 0.74425566196441650391 1.0338900089263916016 0.74638414382934570312 0.87568593025207519531 0.67313647270202636719 0.60101211071014404297 1.087540745735168457 0.69179379940032958984 0.71720486879348754883 0.86047446727752685547 0.28731542825698852539 0.43120777606964111328 0.36073091626167297363 0.79985910654067993164 0.47947046160697937012
 1.3360288143157958984 1.023184657096862793 0.78101348876953125 0.72972708940505981445 0.92727166414260864258 0.93261450529098510742 0.83814448118209838867 1.2805008888244628906 1.3276365995407104492 0.86735922098159790039 0.73175197839736938477 0.24565994739532470703 0.63819289207458496094 0.4189357459545135498 0.81273216009140014648 0.41417512297630310059
 0.26274862885475158691 1.0683515071868896484 0.83929663896560668945 0.87963443994522094727 0.56784099340438842773 1.3248080015182495117 0.73993819952011108398 0.40322563052177429199 1.1092200279235839844 0.85320609807968139648 0.87464004755020141602 0.3387871086597442627 0.37950563430786132812 0.43801540136337280273 0.56108993291854858398 0.40454113483428955078
 0.41465306282043457031 0.93154895305633544922 0.16813546419143676758 0.62056434154510498047 1.2698839902877807617 0.53235477209091186523 0.66319423913955688477 0.69281327724456787109 0.85353010892868041992 0.88878780603408813477 0.72984522581100463867 0.83592551946640014648 0.71390962600708007812 0.89577883481979370117 0.4348538517951965332 0.72117501497268676758
 0.62729668617248535156 0.73860895633697509766 1.0990031957626342773 1.0532766580581665039 1.0447430610656738281 0.38628855347633361816 0.79212230443954467773 1.2552812099456787109 0.99479269981384277344 0.95625126361846923828 0.39926362037658691406 0.82674515247344970703 0.37542390823364257812 1.2455706596374511719 0.69252377748489379883 0.2892481684684753418
 0.32834321260452270508 0.46795260906219482422 0.30275458097457885742 0.297603607177734375 0.72125720977783203125 0.73808425664901733398 1.1262289285659790039 1.0679472684860229492 0.6674976348876953125 0.87632828950881958008 0.37476903200149536133 1.2535617351531982422 0.64891755580902099609 0.8209864497184753418 0.26426628232002258301 0.68818724155426025391
 0.31893974542617797852 0.7232882380485534668 0.96901750564575195312 0.99135977029800415039 0.94270431995391845703 0.66511225700378417969 0.58731150627136230469 0.85272037982940673828 0.58802187442779541016 0.8551158905029296875 0.55337125062942504883 0.64553427696228027344 0.8105157017707824707 0.95375353097915649414 0.92779421806335449219 0.21824118494987487793
 1.0434440374374389648 0.44252699613571166992 1.1177515983581542969 1.0095740556716918945 0.61706185340881347656 1.1521106958389282227 0.25727629661560058594 0.61250656843185424805 0.29035919904708862305 1.0016963481903076172 1.0349168777465820312 0.67063349485397338867 0.37303259968757629395 0.80129462480545043945 0.33336859941482543945 0.83438438177108764648
