grids/rofental/svf_rofental_1000.asc
ncols        16
nrows        15
xllcorner    630800.000000000000
yllcorner    5180500.000000000000
cellsize     1000.000000000000
 0.91771775484085083008 0.88318765163421630859 0.89646714925765991211 0.87210285663604736328 0.95203649997711181641 0.87946408987045288086 0.79243123531341552734 0.87628275156021118164 0.7908191680908203125 0.76462763547897338867 0.96269285678863525391 0.90076035261154174805 0.9463068842887878418 0.93656122684478759766 0.85243856906890869141 0.80080765485763549805
 0.92724651098251342773 0.85564082860946655273 0.89384377002716064453 0.91614919900894165039 0.88788938522338867188 0.78440630435943603516 0.94157320261001586914 0.86789220571517944336 0.93044209480285644531 0.8970997929573059082 0.85850751399993896484 0.77461844682693481445 0.92539167404174804688 0.89849370718002319336 0.8484318852424621582 0.871784210205078125
 0.84004360437393188477 0.87516713142395019531 0.83291137218475341797 0.8559557795524597168 0.92218649387359619141 0.95759385824203491211 0.89088207483291625977 0.96268832683563232422 0.96170073747634887695 0.86247289180755615234 0.80095690488815307617 0.8892803192138671875 0.86026215553283691406 0.98072171211242675781 0.88407915830612182617 0.91737020015716552734
 0.80541145801544189453 0.89720177650451660156 0.80975925922393798828 0.90857136249542236328 0.88749641180038452148 0.89830583333969116211 0.94443351030349731445 0.93427097797393798828 0.87911468744277954102 0.85827797651290893555 0.90864694118499755859 0.87387681007385253906 0.92400926351547241211 0.93988424539566040039 0.90016037225723266602 0.83299595117568969727
 0.85776227712631225586 0.86204224824905395508 0.97102594375610351562 0.97729843854904174805 0.87539362907409667969 0.81615155935287475586 0.86428982019424438477 0.77515125274658203125 0.90876972675323486328 0.88923984766006469727 0.94959932565689086914 0.86272203922271728516 0.87428134679794311523 0.84835577011108398438 0.87116515636444091797 0.87250334024429321289
 0.86096805334091186523 0.9742711186408996582 0.98292762041091918945 0.97328484058380126953 0.89504289627075195312 0.97778278589248657227 0.78032082319259643555 0.91202664375305175781 0.90809297561645507812 0.90313965082168579102 0.91741991043090820312 0.78621375560760498047 0.89092308282852172852 0.86964362859725952148 0.93064147233963012695 0.80883109569549560547
 0.98711436986923217773 0.95750153064727783203 0.9864628911018371582 0.98770493268966674805 0.96683281660079956055 0.97498857975006103516 0.88108754158020019531 0.92268973588943481445 0.99600708484649658203 0.87062984704971313477 0.78798025846481323242 0.80703902244567871094 0.85330694913864135742 0.91399800777435302734 0.82349455356597900391 0.77541106939315795898
 0.7472108006477355957 0.97715866565704345703 0.98589491844177246094 0.97407519817352294922 0.98674064874649047852 0.93095839023590087891 0.93022060394287109375 0.87889474630355834961 0.88856065273284912109 0.80145275592803955078 0.82175040245056152344 0.92761474847793579102 0.87219411134719848633 0.85470569133758544922 0.82252138853073120117 0.8747348785400390625
 0.8850129246711730957 0.78853559494018554688 0.91358172893524169922 0.9643732905387878418 0.85025501251220703125 0.92314547300338745117 0.84596860408782958984 0.83486974239349365234 0.83691132068634033203 0.87219226360321044922 0.93492931127548217773 0.89784973859786987305 0.89168471097946166992 0.89901322126388549805 0.73776835203170776367 0.81975209712982177734
 0.92865991592407226562 0.91759675741195678711 0.81713086366653442383 0.83983784914016723633 0.91537034511566162109 0.8937886357307434082 0.87380576133728027344 0.98290681838989257812 0.85494840145111083984 0.95997458696365356445 0.92048823833465576172 0.9823964238166809082 0.94009006023406982422 0.86161267757415771484 0.84157514572143554688 0.80415242910385131836
 0.74292892217636108398 0.87903839349746704102 0.98998552560806274414 0.87778431177139282227 0.92483359575271606445 0.86829274892807006836 0.93771666288375854492 0.89401721954345703125 0.93734133243560791016 0.91973161697387695312 0.88058644533157348633 0.89175754785537719727 0.90410768985748291016 0.86051034927368164062 0.84688007831573486328 0.74788826704025268555
 0.91288894414901733398 0.90277975797653198242 0.9413967132568359375 0.90659558773040771484 0.88078528642654418945 0.99782860279083251953 0.96615451574325561523 0.91920417547225952148 0.90818005800247192383 0.95481216907501220703 0.85866111516952514648 0.86225020885467529297 0.83348381519317626953 0.78013777732849121094 0.87368035316467285156 0.86406195163726806641
 0.83466863632202148438 0.86379981040954589844 0.98718094825744628906 0.86864620447158813477 0.88226491212844848633 0.77329355478286743164 0.90596908330917358398 0.9309361577033996582 0.95654016733169555664 0.94974440336227416992 0.94736981391906738281 0.87917292118072509766 0.83642941713333129883 0.88520628213882446289 0.76291030645370483398 0.87263530492782592773
 0.80354905128479003906 0.8849036097526550293 0.88811039924621582031 0.82452905178070068359 0.89634376764297485352 0.80252343416213989258 0.87577229738235473633 0.77402573823928833008 0.94122934341430664062 0.82522028684616088867 0.91822838783264160156 0.9144573211669921875 0.81037890911102294922 0.92448556423187255859 0.92151546478271484375 0.76990234851837158203
 0.90798985958099365234 0.90003889799118041992 0.85544037818908691406 0.89539438486099243164 0.8897495269775390625 0.82062399387359619141 0.87641680240631103516 0.81629335880279541016 0.89278930425643920898 0.86064052581787109375 0.82286369800567626953 0.86106222867965698242 0.93419003486633300781 0.95993077754974365234 0.93423038721084594727 0.81819444894790649414
